_viz_0 = nengo_gui.components.Slider(arm)
_viz_config[_viz_0].label_visible = True
_viz_config[_viz_0].width = 3.2750144653474083
_viz_config[_viz_0].x = 9.84824640336945
_viz_config[_viz_0].y = 1.9700786086153124
_viz_config[_viz_0].max_value = 1
_viz_config[_viz_0].min_value = -1
_viz_config[_viz_0].height = 2.6555837321574236
_viz_1 = nengo_gui.components.Slider(base)
_viz_config[_viz_1].label_visible = True
_viz_config[_viz_1].width = 1.7900151661876
_viz_config[_viz_1].x = 11.228996100745857
_viz_config[_viz_1].y = 7.9032589643459845
_viz_config[_viz_1].max_value = 1
_viz_config[_viz_1].min_value = -1
_viz_config[_viz_1].height = 2.72380841172701
_viz_2 = nengo_gui.components.Value(arm_filter)
_viz_config[_viz_2].synapse = 0.01
_viz_config[_viz_2].max_value = 1
_viz_config[_viz_2].min_value = -1
_viz_config[_viz_2].legend_labels = [u'label_0', u'label_1', u'label_2', u'label_3', u'label_4']
_viz_config[_viz_2].height = 3.5485564082832988
_viz_config[_viz_2].label_visible = True
_viz_config[_viz_2].width = 3.710998394077579
_viz_config[_viz_2].show_legend = False
_viz_config[_viz_2].y = 8.848334710385902
_viz_config[_viz_2].x = 4.742703449975035
_viz_ace_editor = nengo_gui.components.AceEditor()
_viz_net_graph = nengo_gui.components.NetGraph()
_viz_sim_control = nengo_gui.components.SimControl()
_viz_config[_viz_sim_control].kept_time = 4.0
_viz_config[_viz_sim_control].shown_time = 0.5
_viz_config[arm].pos=(0.184431078553565, 0.8376797834228414)
_viz_config[arm].size=(0.4729928485763253, 0.7476338574270948)
_viz_config[arm_c].pos=(4.441366715740493, 0.8376797834228414)
_viz_config[arm_c].size=(0.4729928485763253, 0.7476338574270948)
_viz_config[arm_filter].pos=(2.312898897147029, 0.8376797834228414)
_viz_config[arm_filter].size=(0.4729928485763253, 0.7476338574270948)
_viz_config[base].pos=(0.6307227179360653, 3.2674898200608995)
_viz_config[base].size=(0.7476338574270948, 0.7476338574270948)
_viz_config[model].pos=(1.5898920969925214, 1.220787287022553)
_viz_config[model].size=(0.06521980890172416, 0.06521980890172416)
_viz_config[model].expanded=True
_viz_config[model].has_layout=True