_viz_0 = nengo_gui.components.Slider(arm)
_viz_config[_viz_0].label_visible = True
_viz_config[_viz_0].width = 0.5355255573589615
_viz_config[_viz_0].x = 1.6814416651914887
_viz_config[_viz_0].y = 1.3514983244782939
_viz_config[_viz_0].max_value = 1
_viz_config[_viz_0].min_value = -1
_viz_config[_viz_0].height = 1.1241602880028396
_viz_1 = nengo_gui.components.Slider(base)
_viz_config[_viz_1].label_visible = True
_viz_config[_viz_1].width = 0.3736066269035148
_viz_config[_viz_1].x = 0.42776233982858264
_viz_config[_viz_1].y = 1.6935389369601943
_viz_config[_viz_1].max_value = 1
_viz_config[_viz_1].min_value = -1
_viz_config[_viz_1].height = 0.6349038538270929
_viz_ace_editor = nengo_gui.components.AceEditor()
_viz_net_graph = nengo_gui.components.NetGraph()
_viz_sim_control = nengo_gui.components.SimControl()
_viz_config[_viz_sim_control].kept_time = 4.0
_viz_config[_viz_sim_control].shown_time = 0.5
_viz_config[arm].pos=(0.1326530612244898, 0.29032258064516125)
_viz_config[arm].size=(0.0816326530612245, 0.12903225806451613)
_viz_config[arm_c].pos=(0.8673469387755103, 0.29032258064516125)
_viz_config[arm_c].size=(0.0816326530612245, 0.12903225806451613)
_viz_config[arm_filter].pos=(0.5, 0.29032258064516125)
_viz_config[arm_filter].size=(0.0816326530612245, 0.12903225806451613)
_viz_config[base].pos=(0.2096774193548387, 0.7096774193548386)
_viz_config[base].size=(0.12903225806451613, 0.12903225806451613)
_viz_config[bot_c].pos=(0.7903225806451613, 0.7096774193548386)
_viz_config[bot_c].size=(0.12903225806451613, 0.12903225806451613)
_viz_config[model].pos=(0.3419297216590235, 0.07995724707861204)
_viz_config[model].size=(0.3637855664904957, 0.3637855664904957)
_viz_config[model].expanded=True
_viz_config[model].has_layout=True