_viz_config[Parm].pos=(-1.5748051312758689, 5.267574899917503)
_viz_config[Parm].size=(0.13467108241018386, 0.10783022543068448)
_viz_ace_editor = nengo_gui.components.AceEditor()
_viz_net_graph = nengo_gui.components.NetGraph()
_viz_sim_control = nengo_gui.components.SimControl()
_viz_config[_viz_sim_control].kept_time = 4
_viz_config[_viz_sim_control].shown_time = 0.5
_viz_config[abs_neurons].pos=(-1.5748051312758689, 4.485805765545042)
_viz_config[abs_neurons].size=(0.16833885301272986, 0.1347877817883556)
_viz_config[arm_sin_locker].pos=(4.030977420125581, 2.8009584931905964)
_viz_config[arm_sin_locker].size=(0.13467108241018386, 0.10783022543068448)
_viz_config[base_osc].pos=(-1.5748051312758689, 3.7040366311725794)
_viz_config[base_osc].size=(0.13467108241018386, 0.10783022543068448)
_viz_config[bg_bias].pos=(-2.2144927727242423, 2.1809346969641608)
_viz_config[bg_bias].size=(0.13467108241018386, 0.10783022543068448)
_viz_config[bg_off].pos=(-2.2144927727242423, 0.6713115409345787)
_viz_config[bg_off].size=(0.13467108241018386, 0.10783022543068448)
_viz_config[bg_y].pos=(0.613599957889619, 2.8009584931905964)
_viz_config[bg_y].size=(0.3366777060254597, 0.5391511271534224)
_viz_config[bg_y].expanded=False
_viz_config[bg_y].has_layout=False
_viz_config[bg_y.gpe].expanded=False
_viz_config[bg_y.gpe].has_layout=False
_viz_config[bg_y.gpi].expanded=False
_viz_config[bg_y.gpi].has_layout=False
_viz_config[bg_y.stn].expanded=False
_viz_config[bg_y.stn].has_layout=False
_viz_config[bg_y.strD1].expanded=False
_viz_config[bg_y.strD1].has_layout=False
_viz_config[bg_y.strD2].expanded=False
_viz_config[bg_y.strD2].has_layout=False
_viz_config[cam_input].pos=(-2.2144927727242423, 4.485805765545042)
_viz_config[cam_input].size=(0.13467108241018386, 0.10783022543068448)
_viz_config[cmd].pos=(-1.5748051312758689, -2.0244440948325333)
_viz_config[cmd].size=(0.13467108241018386, 0.10783022543068448)
_viz_config[init_mem_node].pos=(5.125081218630778, -1.269632516817742)
_viz_config[init_mem_node].size=(0.13467108241018386, 0.10783022543068448)
_viz_config[joint_bias].pos=(-2.2144927727242423, -1.6470383058251379)
_viz_config[joint_bias].size=(0.13467108241018386, 0.10783022543068448)
_viz_config[joint_memory].pos=(3.9361247810378472, -2.083928103755417)
_viz_config[joint_memory].size=(0.3366777060254597, 0.5391511271534224)
_viz_config[joint_memory].expanded=False
_viz_config[joint_memory].has_layout=False
_viz_config[joint_memory_error].pos=(2.2814409899691395, -1.6513335731947771)
_viz_config[joint_memory_error].size=(0.3366777060254597, 0.5391511271534224)
_viz_config[joint_memory_error].expanded=False
_viz_config[joint_memory_error].has_layout=False
_viz_config[joint_memory_reader].pos=(5.125081218630778, -0.08350003708021259)
_viz_config[joint_memory_reader].size=(0.13467108241018386, 0.10783022543068448)
_viz_config[mem_y].pos=(-0.9014497192249498, 4.0949211983588105)
_viz_config[mem_y].size=(0.16833885301272986, 0.1347877817883556)
_viz_config[memory_locker].pos=(2.4653273410296475, -0.08350003708021259)
_viz_config[memory_locker].size=(0.16833885301272986, 0.1347877817883556)
_viz_config[memory_locker_slider].pos=(-2.2144927727242423, -0.08350003708021259)
_viz_config[memory_locker_slider].size=(0.13467108241018386, 0.10783022543068448)
_viz_config[model].pos=(3.7586711005474562, 3.7192656866274634)
_viz_config[model].size=(0.09401380180794762, 0.09401380180794762)
_viz_config[model].expanded=True
_viz_config[model].has_layout=True
_viz_config[thal_y].pos=(2.30154341949207, 2.8150468853818196)
_viz_config[thal_y].size=(0.3366777060254597, 0.5391511271534224)
_viz_config[thal_y].expanded=False
_viz_config[thal_y].has_layout=False
_viz_config[thal_y.actions].expanded=False
_viz_config[thal_y.actions].has_layout=False
_viz_config[y_comparison].pos=(-0.22809430717403023, 4.485805765545042)
_viz_config[y_comparison].size=(0.16833885301272986, 0.1347877817883556)