_viz_0 = nengo_gui.components.Slider(speed)
_viz_config[_viz_0].label_visible = True
_viz_config[_viz_0].width = 0.0534759
_viz_config[_viz_0].x = 0.137238
_viz_config[_viz_0].y = 0.545455
_viz_config[_viz_0].max_value = 1
_viz_config[_viz_0].min_value = -1
_viz_config[_viz_0].height = 0.118483
_viz_ace_editor = nengo_gui.components.AceEditor()
_viz_net_graph = nengo_gui.components.NetGraph()
_viz_sim_control = nengo_gui.components.SimControl()
_viz_config[_viz_sim_control].kept_time = 4
_viz_config[_viz_sim_control].shown_time = 0.5
_viz_config[model].pos=(-0.01557632398753894, 0.013123359580052493)
_viz_config[model].size=(1.0, 1.0)
_viz_config[model].expanded=True
_viz_config[model].has_layout=True
_viz_config[motor].pos=(0.4427730124183843, 0.3150799331901695)
_viz_config[motor].size=(0.0684931506849315, 0.15151515151515155)
_viz_config[robot].pos=(0.8070882942858363, 0.4000238606537819)
_viz_config[robot].size=(0.0547945205479452, 0.12121212121212122)
_viz_config[sensors].pos=(0.8972602739726027, 0.696969696969697)
_viz_config[sensors].size=(0.0684931506849315, 0.15151515151515155)
_viz_config[speed].pos=(0.11084794947296547, 0.2953948938200907)
_viz_config[speed].size=(0.0547945205479452, 0.12121212121212122)