_viz_0 = nengo_gui.components.Slider(speed)
_viz_config[_viz_0].label_visible = True
_viz_config[_viz_0].width = 0.0534759
_viz_config[_viz_0].x = 0.202659
_viz_config[_viz_0].y = 0.852542
_viz_config[_viz_0].max_value = 1
_viz_config[_viz_0].min_value = -1
_viz_config[_viz_0].height = 0.118483
_viz_1 = nengo_gui.components.Slider(robot)
_viz_config[_viz_1].label_visible = True
_viz_config[_viz_1].width = 0.152406
_viz_config[_viz_1].x = 0.398376
_viz_config[_viz_1].y = 0.162274
_viz_config[_viz_1].max_value = 1
_viz_config[_viz_1].min_value = -1
_viz_config[_viz_1].height = 0.118483
_viz_ace_editor = nengo_gui.components.AceEditor()
_viz_net_graph = nengo_gui.components.NetGraph()
_viz_sim_control = nengo_gui.components.SimControl()
_viz_config[_viz_sim_control].kept_time = 4
_viz_config[_viz_sim_control].shown_time = 0.5
_viz_config[model].pos=(0, 0)
_viz_config[model].size=(1.0, 1.0)
_viz_config[model].expanded=True
_viz_config[model].has_layout=True
_viz_config[motor].pos=(0.34931506849315064, 0.696969696969697)
_viz_config[motor].size=(0.0684931506849315, 0.15151515151515155)
_viz_config[robot].pos=(0.6232876712328768, 0.2727272727272727)
_viz_config[robot].size=(0.0547945205479452, 0.12121212121212122)
_viz_config[sensors].pos=(0.8972602739726027, 0.696969696969697)
_viz_config[sensors].size=(0.0684931506849315, 0.15151515151515155)
_viz_config[speed].pos=(0.08904109589041095, 0.696969696969697)
_viz_config[speed].size=(0.0547945205479452, 0.12121212121212122)