_viz_0 = nengo_gui.components.Slider(joints)
_viz_config[_viz_0].label_visible = True
_viz_config[_viz_0].width = 0.2114
_viz_config[_viz_0].x = 0.132812
_viz_config[_viz_0].y = 0.785299
_viz_config[_viz_0].max_value = 1
_viz_config[_viz_0].min_value = -1
_viz_config[_viz_0].height = 0.271163
_viz_1 = nengo_gui.components.Slider(speed)
_viz_config[_viz_1].label_visible = True
_viz_config[_viz_1].width = 0.140933
_viz_config[_viz_1].x = -0.33374
_viz_config[_viz_1].y = 0.563398
_viz_config[_viz_1].max_value = 1
_viz_config[_viz_1].min_value = -1
_viz_config[_viz_1].height = 0.271163
_viz_ace_editor = nengo_gui.components.AceEditor()
_viz_net_graph = nengo_gui.components.NetGraph()
_viz_sim_control = nengo_gui.components.SimControl()
_viz_config[_viz_sim_control].kept_time = 4
_viz_config[_viz_sim_control].shown_time = 0.5
_viz_config[joints].pos=(-0.26703948819712825, 1.263592362215543)
_viz_config[joints].size=(0.16801466611898358, 0.17137495944136327)
_viz_config[model].pos=(0.5372446535444015, 0.6020084620828416)
_viz_config[model].size=(0.4668126560658494, 0.4668126560658494)
_viz_config[model].expanded=True
_viz_config[model].has_layout=True
_viz_config[motors].pos=(0.5310301758680438, -0.02171983359468138)
_viz_config[motors].size=(0.2100183326487295, 0.2142186993017041)
_viz_config[robot].pos=(1.3290998399332157, 0.6209362643104308)
_viz_config[robot].size=(0.16801466611898358, 0.17137495944136327)
_viz_config[servos].pos=(0.5310301758680438, 1.263592362215543)
_viz_config[servos].size=(0.2100183326487295, 0.2142186993017041)
_viz_config[speed].pos=(-0.26703948819712825, -0.02171983359468138)
_viz_config[speed].size=(0.16801466611898358, 0.17137495944136327)