_viz_ace_editor = nengo_gui.components.AceEditor()
_viz_net_graph = nengo_gui.components.NetGraph()
_viz_sim_control = nengo_gui.components.SimControl()
_viz_config[_viz_sim_control].kept_time = 4
_viz_config[_viz_sim_control].shown_time = 0.5
_viz_config[last_seen].pos=(0.9096385542168673, 0.5)
_viz_config[last_seen].size=(0.060240963855421686, 0.1)
_viz_config[location].pos=(0.3072289156626506, 0.21000000000000002)
_viz_config[location].size=(0.060240963855421686, 0.1)
_viz_config[memory].pos=(0.5849043231750525, 0.49170616113744076)
_viz_config[memory].size=(0.12048192771084337, 0.4)
_viz_config[memory].expanded=True
_viz_config[memory].has_layout=True
_viz_config[memory.diff].pos=(0.8287671232876712, 0.6025641025641025)
_viz_config[memory.diff].size=(0.136986301369863, 0.25641025641025644)
_viz_config[memory.diff].expanded=False
_viz_config[memory.diff].has_layout=False
_viz_config[memory.gate].pos=(0.08904109589041095, 0.8846153846153846)
_viz_config[memory.gate].size=(0.0547945205479452, 0.05128205128205128)
_viz_config[memory.mem].pos=(0.4178082191780822, 0.32051282051282054)
_viz_config[memory.mem].size=(0.136986301369863, 0.25641025641025644)
_viz_config[memory.mem].expanded=False
_viz_config[memory.mem].has_layout=False
_viz_config[memory.reset].pos=(0.08904109589041095, 0.32051282051282054)
_viz_config[memory.reset].size=(0.0547945205479452, 0.05128205128205128)
_viz_config[model].pos=(0, 0)
_viz_config[model].size=(1.0, 1.0)
_viz_config[model].expanded=True
_viz_config[model].has_layout=True
_viz_config[robot_node].pos=(0.0783132530120482, 0.5)
_viz_config[robot_node].size=(0.048192771084337345, 0.08)